0.0000000000000000205888677499668410000000
0.0000000000000000104083408558608430000000
0.0000000000000000138777878078144570000000
0.0000000000000000138777878078144570000000
0.0000000000000000555111512312578270000000
0.0000000000000000555111512312578270000000
0.0000000000000000138777878078144570000000
0.0000000000000000000000000000000000000000
0.0000000000000000000000000000000000000000
0.0000000000000000277555756156289140000000
0.0000000000000000277555756156289140000000
0.0000000000000002498001805406602200000000
0.0000000000000000277555756156289140000000
0.0000000000000002220446049250313100000000
0.0000000000000001665334536937734800000000
0.0000000000000000555111512312578270000000
0.0000000000000001110223024625156500000000
0.0000000000000002220446049250313100000000
0.0000000000000000555111512312578270000000
0.0000000000000002220446049250313100000000
0.0000000000000001665334536937734800000000
0.0000000000000000000000000000000000000000
0.0000000000000001665334536937734800000000
0.0000000000000001110223024625156500000000
0.0000000000000003885780586188047900000000
0.0000000000000004996003610813204400000000
0.0000000000000000555111512312578270000000
0.0000000000000002220446049250313100000000
0.0000000000000002775557561562891400000000
0.0000000000000000000000000000000000000000
0.0000000000000001110223024625156500000000
0.0000000000000001110223024625156500000000
0.0000000000000001110223024625156500000000
0.0000000000000004440892098500626200000000
0.0000000000000000000000000000000000000000
0.0000000000000004440892098500626200000000
0.0000000000000002220446049250313100000000
0.0000000000000000000000000000000000000000
0.0000000000000001110223024625156500000000
0.0000000000000004440892098500626200000000
0.0000000000000000000000000000000000000000
0.0000000000000004440892098500626200000000
0.0000000000000002220446049250313100000000
0.0000000000000002220446049250313100000000
0.0000000000000000000000000000000000000000
0.0000000000000005551115123125782700000000
0.0000000000000000000000000000000000000000
0.0000000000000002220446049250313100000000
0.0000000000000004440892098500626200000000
0.0000000000000001110223024625156500000000
0.0000000000000003330669073875469600000000
0.0000000000000006661338147750939200000000
0.0000000000000007771561172376095800000000
0.0000000000000008881784197001252300000000
0.0000000000000007771561172376095800000000
0.0000000000000008881784197001252300000000
0.0000000000000003330669073875469600000000
0.0000000000000007771561172376095800000000
0.0000000000000007771561172376095800000000
0.0000000000000005551115123125782700000000
0.0000000000000005551115123125782700000000
0.0000000000000002220446049250313100000000
0.0000000000000002220446049250313100000000
0.0000000000000004440892098500626200000000
0.0000000000000005551115123125782700000000
0.0000000000000011102230246251565000000000
0.0000000000000000000000000000000000000000
0.0000000000000002220446049250313100000000
0.0000000000000006661338147750939200000000
0.0000000000000007771561172376095800000000
0.0000000000000001110223024625156500000000
0.0000000000000007771561172376095800000000
0.0000000000000002220446049250313100000000
0.0000000000000001110223024625156500000000
0.0000000000000000000000000000000000000000
0.0000000000000004440892098500626200000000
0.0000000000000008881784197001252300000000
0.0000000000000007771561172376095800000000
0.0000000000000005551115123125782700000000
0.0000000000000005551115123125782700000000
0.0000000000000005551115123125782700000000
0.0000000000000007771561172376095800000000
0.0000000000000004440892098500626200000000
0.0000000000000008881784197001252300000000
0.0000000000000006661338147750939200000000
0.0000000000000007771561172376095800000000
0.0000000000000007771561172376095800000000
0.0000000000000004440892098500626200000000
0.0000000000000005551115123125782700000000
0.0000000000000006661338147750939200000000
0.0000000000000004440892098500626200000000
