0.2709375000000000500000000000000000000000
0.2978164451563912700000000000000000000000
1.2645470770190956000000000000000000000000
0.6908170347545736800000000000000000000000
0.6611578002598239600000000000000000000000
0.6312884480917450000000000000000000000000
0.6008656453682725800000000000000000000000
0.5700149016413210700000000000000000000000
0.5392055687415691100000000000000000000000
0.5078445905951360900000000000000000000000
0.4763702530122060400000000000000000000000
0.4443771834476615300000000000000000000000
1.5180851007338028000000000000000000000000
1.5409950647852320000000000000000000000000
0.3467957262759925300000000000000000000000
0.3137070762890639100000000000000000000000
0.2805429459383137500000000000000000000000
1.6270860059630299000000000000000000000000
1.6475565162951473000000000000000000000000
0.1794560755993097600000000000000000000000
0.1453801207859005700000000000000000000000
0.1108929264971930700000000000000000000000
1.8507463545667777000000000000000000000000
1.9005048534524300000000000000000000000000
1.9255454576425897000000000000000000000000
0.1030984629633622300000000000000000000000
1.8135752962991538000000000000000000000000
1.7781627741883539000000000000000000000000
1.7428538428589118000000000000000000000000
1.7072759571393796000000000000000000000000
1.6715879037844212000000000000000000000000
1.6360110507020940000000000000000000000000
1.6000480961564065000000000000000000000000
0.0076705679454034392000000000000000000000
0.0190063225550198830000000000000000000000
0.0298395442889688440000000000000000000000
0.0399857443749230820000000000000000000000
1.4199792600472674000000000000000000000000
0.0579482536066950880000000000000000000000
0.0663959614569427090000000000000000000000
1.3117631931189484000000000000000000000000
1.2754908302227412000000000000000000000000
1.2394885754773619000000000000000000000000
1.2035412016191369000000000000000000000000
0.0981835503386160320000000000000000000000
1.1318255311865109000000000000000000000000
1.0961271204589593000000000000000000000000
0.1098108600624591000000000000000000000000
0.1125056063588172300000000000000000000000
0.9892465289904648400000000000000000000000
0.9537251096864953800000000000000000000000
0.9186016410497919200000000000000000000000
0.8833489753256114100000000000000000000000
0.1160962731519996600000000000000000000000
0.8135977522924229300000000000000000000000
0.7789826863509943200000000000000000000000
0.7443179034706934900000000000000000000000
0.7099827850149722500000000000000000000000
0.1041692642331483700000000000000000000000
0.0998193249099960660000000000000000000000
0.6084687499999402700000000000000000000000
0.5749346202462757300000000000000000000000
0.0832215627858279290000000000000000000000
0.5088342497394823200000000000000000000000
0.4761523967890113900000000000000000000000
0.4438057617406318500000000000000000000000
0.5399866430757309700000000000000000000000
0.6359811284892029600000000000000000000000
0.8589815934158396800000000000000000000000
1.0349304495452263000000000000000000000000
1.0239888933255932000000000000000000000000
0.7665369044570797800000000000000000000000
1.2375482443748689000000000000000000000000
1.2077779547226566000000000000000000000000
0.9738873558169174300000000000000000000000
1.1490690451024375000000000000000000000000
1.1205156455995828000000000000000000000000
1.0919823043437789000000000000000000000000
1.0640679408176716000000000000000000000000
0.8981839953764557700000000000000000000000
0.8812106776668399100000000000000000000000
0.9826219650401389900000000000000000000000
0.9563293509599722900000000000000000000000
0.9302443434050529100000000000000000000000
0.8084034632675576300000000000000000000000
0.7887494927475610100000000000000000000000
0.8554752237440269600000000000000000000000
0.8313672062428441000000000000000000000000
0.8078057467023999100000000000000000000000
0.2782961564371812500000000000000000000000
0.2547812499998966000000000000000000000000
