1.0000000000000000000000000000000000000000
0.6072499999999999600000000000000000000000
0.3910333704590336900000000000000000000000
0.2331107443749670400000000000000000000000
0.1171939737441298800000000000000000000000
0.0549439737441298830000000000000000000000
0.0299206490399254450000000000000000000000
0.0145456490399254460000000000000000000000
0.0073626441829831579000000000000000000000
0.0036438941829831650000000000000000000000
0.0017940934159355049000000000000000000000
0.0009190934159354902100000000000000000000
0.0004815934159355106400000000000000000000
0.0003274064372846587100000000000000000000
0.0002336564372846586200000000000000000000
0.0002024064372846586000000000000000000000
0.0002024064372846586000000000000000000000
0.0002024064372846586000000000000000000000
0.0002024064372846586000000000000000000000
0.0002024064372846586000000000000000000000
0.0002024064372846586000000000000000000000
0.0002024064372846586000000000000000000000
0.0002187499999999342700000000000000000000
0.0002500000000000834900000000000000000000
0.0002812500000000106600000000000000000000
0.0003124999999999378300000000000000000000
0.0003437500000000870400000000000000000000
0.0003750000000000142100000000000000000000
0.0004062499999999413800000000000000000000
0.0004375000000000905900000000000000000000
0.0004687500000000177600000000000000000000
0.0004999999999999449300000000000000000000
0.0005312500000000941500000000000000000000
1.9610071980917541000000000000000000000000
1.9629315162951793000000000000000000000000
1.9317463545668168000000000000000000000000
1.9213798534524704000000000000000000000000
1.9319517076426318000000000000000000000000
1.9297642076426316000000000000000000000000
1.9281704576426320000000000000000000000000
1.9272329576426319000000000000000000000000
1.9267329576426317000000000000000000000000
1.9264517076426317000000000000000000000000
1.9262954576426319000000000000000000000000
1.9262017076426319000000000000000000000000
1.9261392076426316000000000000000000000000
1.9261079576426319000000000000000000000000
1.9260767076426317000000000000000000000000
1.9260454576426316000000000000000000000000
1.9260142076426319000000000000000000000000
1.9259829576426317000000000000000000000000
1.9259517076426316000000000000000000000000
1.9259204576426319000000000000000000000000
1.9258892076426317000000000000000000000000
1.9258579576426316000000000000000000000000
1.9258267076426319000000000000000000000000
1.9257954576426317000000000000000000000000
1.9257642076426316000000000000000000000000
1.9257329576426319000000000000000000000000
1.9257017076426317000000000000000000000000
1.9256704576426316000000000000000000000000
1.9256392076426319000000000000000000000000
1.9256079576426317000000000000000000000000
1.9255767076426316000000000000000000000000
