0.6072500000001033200000000000000000000000
0.6072500000001033200000000000000000000000
0.4034817811865109600000000000000000000000
0.2331107443748688900000000000000000000000
0.1171939737440269000000000000000000000000
0.0549439737440268960000000000000000000000
0.0299206490400277520000000000000000000000
0.0145456490400277530000000000000000000000
0.0073626441830825229000000000000000000000
0.0036438941830825300000000000000000000000
0.0017940934158396926000000000000000000000
0.0009190934158396779600000000000000000000
0.0004943434050529438300000000000000000000
0.0003274064371812483700000000000000000000
0.0002422062428441840200000000000000000000
0.0002109562428441874600000000000000000000
0.0002109562428441874600000000000000000000
0.0002109562428441874600000000000000000000
0.0002109562428441874600000000000000000000
0.0002109562428441874600000000000000000000
0.0002109562428441874600000000000000000000
0.0002109562428441874600000000000000000000
0.0002109562428441874600000000000000000000
0.0002187500000000453000000000000000000000
0.0002499999999999724700000000000000000000
0.0002812500000000106600000000000000000000
0.0003125000000000488500000000000000000000
0.0003437499999999760200000000000000000000
0.0003750000000000142100000000000000000000
0.0004062500000000524000000000000000000000
0.0004374999999999795700000000000000000000
0.0004687500000000177600000000000000000000
0.0004999999999999449300000000000000000000
1.9957857847545737000000000000000000000000
1.9629315162951473000000000000000000000000
1.9317463545667779000000000000000000000000
1.9213798534524300000000000000000000000000
1.9319517076425896000000000000000000000000
1.9297642076425896000000000000000000000000
1.9281704576425898000000000000000000000000
1.9272329576425897000000000000000000000000
1.9267329576425896000000000000000000000000
1.9264517076425896000000000000000000000000
1.9262954576425897000000000000000000000000
1.9262017076425897000000000000000000000000
1.9261392076425896000000000000000000000000
1.9261079576425897000000000000000000000000
1.9260767076425898000000000000000000000000
1.9260454576425896000000000000000000000000
1.9260142076425897000000000000000000000000
1.9259829576425898000000000000000000000000
1.9259517076425896000000000000000000000000
1.9259204576425897000000000000000000000000
1.9258892076425898000000000000000000000000
1.9258579576425896000000000000000000000000
1.9258267076425897000000000000000000000000
1.9257954576425897000000000000000000000000
1.9257642076425896000000000000000000000000
1.9257329576425897000000000000000000000000
1.9257017076425897000000000000000000000000
1.9256704576425896000000000000000000000000
1.9256392076425897000000000000000000000000
1.9256079576425897000000000000000000000000
1.9255767076425896000000000000000000000000
