0.2565000000000000100000000000000000000000
0.2782961564372846700000000000000000000000
0.8078057467025032700000000000000000000000
0.7480234562429473000000000000000000000000
0.7687252237441298800000000000000000000000
0.7887494927476639300000000000000000000000
0.8084034632676603300000000000000000000000
0.8274943434051553700000000000000000000000
0.8458293509600745000000000000000000000000
0.8638719650402411100000000000000000000000
0.8812106776669416100000000000000000000000
0.8981839953765571300000000000000000000000
1.0640679408177727000000000000000000000000
1.0919823043438797000000000000000000000000
0.9452968955996833300000000000000000000000
0.9599440451025373900000000000000000000000
0.9738873558170169100000000000000000000000
1.2077779547227554000000000000000000000000
1.2375482443749670000000000000000000000000
1.0123181544571773000000000000000000000000
1.0239888933256904000000000000000000000000
1.0349304495453227000000000000000000000000
0.8589815934159355000000000000000000000000
0.6359811284892981100000000000000000000000
0.5399866430758253300000000000000000000000
0.4438057617407254500000000000000000000000
0.0690273967891041900000000000000000000000
0.0763654997395744610000000000000000000000
0.0832215627859191900000000000000000000000
0.0893096202463661840000000000000000000000
0.0948125000000298870000000000000000000000
0.0998193249100846610000000000000000000000
0.1041692642332360800000000000000000000000
0.7099827850150588500000000000000000000000
0.7443179034707792000000000000000000000000
0.7789826863510790300000000000000000000000
0.8135977522925065300000000000000000000000
0.1160962731520822600000000000000000000000
0.8833489753256926800000000000000000000000
0.9186016410498723000000000000000000000000
0.1157563596865746100000000000000000000000
0.1143090289905428500000000000000000000000
0.1125056063588939500000000000000000000000
0.1098108600625346000000000000000000000000
1.0961271204590337000000000000000000000000
0.1026380311865841000000000000000000000000
0.0981835503386878640000000000000000000000
1.2035412016192073000000000000000000000000
1.2394885754774312000000000000000000000000
0.0809908302228088410000000000000000000000
0.0738256931190148790000000000000000000000
0.0663959614570076570000000000000000000000
0.0579482536067587040000000000000000000000
1.4199792600473296000000000000000000000000
0.0399857443749838120000000000000000000000
0.0298395442890280190000000000000000000000
0.0190063225550776150000000000000000000000
0.0076705679454597275000000000000000000000
1.6000480961564612000000000000000000000000
1.6360110507021473000000000000000000000000
0.0295370962155269150000000000000000000000
0.0432240428605701330000000000000000000000
1.7428538428589604000000000000000000000000
0.0720247258115993550000000000000000000000
0.0874872037008007640000000000000000000000
0.1030984629633185900000000000000000000000
1.9255454576426319000000000000000000000000
1.9005048534524702000000000000000000000000
1.8507463545668166000000000000000000000000
0.1108929264972301500000000000000000000000
0.1453801207859358700000000000000000000000
1.7946123255993434000000000000000000000000
1.6475565162951791000000000000000000000000
1.6270860059630601000000000000000000000000
0.2805429459383422800000000000000000000000
1.5852070762890906000000000000000000000000
1.5631394762760176000000000000000000000000
1.5409950647852551000000000000000000000000
1.5180851007338241000000000000000000000000
0.4443771834476812900000000000000000000000
0.4763702530122240200000000000000000000000
1.4468445905951524000000000000000000000000
1.4219868187415834000000000000000000000000
1.3968899016413336000000000000000000000000
0.6008656453682834600000000000000000000000
0.6312884480917540000000000000000000000000
1.3188453002598310000000000000000000000000
1.2917232847545790000000000000000000000000
1.2645470770190994000000000000000000000000
0.2978164451563930500000000000000000000000
0.2700312499999999400000000000000000000000
