0.0000000000000000000000000000000000000000
0.0000351951563912766830000000000000000000
0.0000158270190956377730000000000000000000
0.0000357847545737755010000000000000000000
0.0000015502598239569565000000000000000000
0.0000384480917450247260000000000000000000
0.0000093546317273540680000000000000000000
0.0000163483586789192610000000000000000000
0.0000493187415689932960000000000000000000
0.0000008405951360535013400000000000000000
0.0000047469877939576577000000000000000000
0.0000290665523384747710000000000000000000
0.0000398992661971853120000000000000000000
0.0000674352147680412630000000000000000000
0.0000144762759926031490000000000000000000
0.0000116737109361331190000000000000000000
0.0000116959383137382740000000000000000000
0.0000702440369702017620000000000000000000
0.0000997337048528335050000000000000000000
0.0000185755993097336260000000000000000000
0.0000363707859005746310000000000000000000
0.0000491764971930486180000000000000000000
0.0001286454332221076400000000000000000000
0.0000576465475699006190000000000000000000
0.0000482923574103288900000000000000000000
0.0000359629633621683100000000000000000000
0.0000127962991539609660000000000000000000
0.0000690241883537501270000000000000000000
0.0000413428589118858270000000000000000000
0.0000259571393796953490000000000000000000
0.0000566537844214343170000000000000000000
0.0000201992979060872100000000000000000000
0.0000144038435935245350000000000000000000
0.0000481820545965572220000000000000000000
0.0000063225550198664493000000000000000000
0.0000895442889687902980000000000000000000
0.0000794943749231613590000000000000000000
0.0000730100472673411720000000000000000000
0.0000107536066950020270000000000000000000
0.0000834614569427127860000000000000000000
0.0000444431189484673080000000000000000000
0.0000845802227411596160000000000000000000
0.0000198254773619011000000000000000000000
0.0000724516191368262950000000000000000000
0.0000273003386159764720000000000000000000
0.0000442811865108971860000000000000000000
0.0000021204589593093459000000000000000000
0.0000953899375409905660000000000000000000
0.0000881436411827030140000000000000000000
0.0000347210095351657700000000000000000000
0.0000688596864953927580000000000000000000
0.0000546089502080349120000000000000000000
0.0000677253256112786420000000000000000000
0.0000599768480004092550000000000000000000
0.0000897477075770813930000000000000000000
0.0000485636490057395060000000000000000000
0.0000991534706935581770000000000000000000
0.0001077850149722170400000000000000000000
0.0000182357668515598090000000000000000000
0.0000068249099960393522000000000000000000
0.0000624999999402908730000000000000000000
0.0000908702462757426940000000000000000000
0.0000028127858279214379000000000000000000
0.0000095002605176586208000000000000000000
0.0000273967890114246160000000000000000000
0.0001629882593681686300000000000000000000
0.0000446069242689972610000000000000000000
0.0000436284892029736860000000000000000000
0.0001378434158396668600000000000000000000
0.0000554495452264047730000000000000000000
0.0001138933255932506100000000000000000000
0.0001931544570796806000000000000000000000
0.0000482443748688887730000000000000000000
0.0001217047226564904600000000000000000000
0.0000188941830825406500000000000000000000
0.0000690451024375482450000000000000000000
0.0001406455995829891700000000000000000000
0.0000448043437788203660000000000000000000
0.0001304408176717175600000000000000000000
0.0000277453764557511470000000000000000000
0.0000856776668398950840000000000000000000
0.0001219650401390326400000000000000000000
0.0001731009599722221900000000000000000000
0.0001505934050529400500000000000000000000
0.0000597132675576178550000000000000000000
0.0001244927475610169100000000000000000000
0.0001314737440268887200000000000000000000
0.0002109562428441874600000000000000000000
0.0001494967023998872200000000000000000000
0.0002024064371812482600000000000000000000
0.0001249999998965884500000000000000000000
