0.0000625000000000000010000000000000000000
0.0002024064372846586000000000000000000000
0.0001494967025032628600000000000000000000
0.0000859562429472715550000000000000000000
0.0000064737441298756693000000000000000000
0.0001244927476638929600000000000000000000
0.0000597132676603273630000000000000000000
0.0000994065948445449490000000000000000000
0.0000481009600745430090000000000000000000
0.0000030349597589518496000000000000000000
0.0000856776669416470240000000000000000000
0.0000277453765571977760000000000000000000
0.0001304408177728033600000000000000000000
0.0000448043438795175940000000000000000000
0.0000156455996833393400000000000000000000
0.0000559548974626289390000000000000000000
0.0000188941829831756890000000000000000000
0.0001217047227553558200000000000000000000
0.0000482443749670324880000000000000000000
0.0000681544571772829680000000000000000000
0.0001138933256902841000000000000000000000
0.0000554495453227721310000000000000000000
0.0001378434159354791100000000000000000000
0.0000436284892980642880000000000000000000
0.0000446069241746283040000000000000000000
0.0001629882592745768300000000000000000000
0.0000976032108958024840000000000000000000
0.0001345002604255518500000000000000000000
0.0000028127859191817706000000000000000000
0.0000341297536338158740000000000000000000
0.0000624999999701003620000000000000000000
0.0000068249100846351496000000000000000000
0.0000182357667638521900000000000000000000
0.0001077850150588144400000000000000000000
0.0000991534707792673940000000000000000000
0.0000485636489210294900000000000000000000
0.0000897477074934815990000000000000000000
0.0000599768479178086620000000000000000000
0.0000677253256926579890000000000000000000
0.0000546089501277657870000000000000000000
0.0000063596865745862985000000000000000000
0.0000972210094571934750000000000000000000
0.0000881436411059866030000000000000000000
0.0000953899374654954000000000000000000000
0.0000021204590336942886000000000000000000
0.0000182188134159044780000000000000000000
0.0000273003386878079010000000000000000000
0.0000724516192073254570000000000000000000
0.0000198254774310679950000000000000000000
0.0000220802228089178600000000000000000000
0.0000180568809851067160000000000000000000
0.0000834614570076608330000000000000000000
0.0000107536067586178060000000000000000000
0.0000730100473295136610000000000000000000
0.0000794943749838905590000000000000000000
0.0000895442890279651850000000000000000000
0.0000063225550775980466000000000000000000
0.0000481820545402689150000000000000000000
0.0000144038435387905390000000000000000000
0.0000201992978527965050000000000000000000
0.0000058462155269056737000000000000000000
0.0000365428605701989540000000000000000000
0.0000413428589604025730000000000000000000
0.0000065241884006361772000000000000000000
0.0000497037008008183180000000000000000000
0.0000359629633185365450000000000000000000
0.0000482923573682514370000000000000000000
0.0000576465475295995230000000000000000000
0.0001286454331833608600000000000000000000
0.0000491764972301300670000000000000000000
0.0000363707859358797240000000000000000000
0.0000439244006567030000000000000000000000
0.0000997337048209701040000000000000000000
0.0000702440369400036960000000000000000000
0.0000116959383422710060000000000000000000
0.0000741737109093421050000000000000000000
0.0000144762760175831670000000000000000000
0.0000674352147448376020000000000000000000
0.0000398992661757580080000000000000000000
0.0000290665523187128020000000000000000000
0.0000047469877759720447000000000000000000
0.0000008405951522627574900000000000000000
0.0000493187415834261960000000000000000000
0.0000788483586663391020000000000000000000
0.0000093546317165849047000000000000000000
0.0000384480917540175330000000000000000000
0.0000015502598310623839000000000000000000
0.0000357847545791045720000000000000000000
0.0000158270190993015090000000000000000000
0.0000351951563930530400000000000000000000
0.0000312499999999271690000000000000000000
