0.0000000000000004440892098500626200000000
0.0000000000000006661338147750939200000000
0.0000000000000004440892098500626200000000
0.0000000000000004440892098500626200000000
0.0000000000000005551115123125782700000000
0.0000000000000008881784197001252300000000
0.0000000000000005551115123125782700000000
0.0000000000000007771561172376095800000000
0.0000000000000006661338147750939200000000
0.0000000000000007771561172376095800000000
0.0000000000000005551115123125782700000000
0.0000000000000007771561172376095800000000
0.0000000000000004440892098500626200000000
0.0000000000000004440892098500626200000000
0.0000000000000005551115123125782700000000
0.0000000000000005551115123125782700000000
0.0000000000000003330669073875469600000000
0.0000000000000001110223024625156500000000
0.0000000000000005551115123125782700000000
0.0000000000000003330669073875469600000000
0.0000000000000003330669073875469600000000
0.0000000000000005551115123125782700000000
0.0000000000000001110223024625156500000000
0.0000000000000001110223024625156500000000
0.0000000000000005551115123125782700000000
0.0000000000000003330669073875469600000000
0.0000000000000005551115123125782700000000
0.0000000000000002220446049250313100000000
0.0000000000000001110223024625156500000000
0.0000000000000002220446049250313100000000
0.0000000000000004440892098500626200000000
0.0000000000000005551115123125782700000000
0.0000000000000006661338147750939200000000
0.0000000000000008881784197001252300000000
0.0000000000000003330669073875469600000000
0.0000000000000005551115123125782700000000
0.0000000000000004440892098500626200000000
0.0000000000000006661338147750939200000000
0.0000000000000008881784197001252300000000
0.0000000000000005551115123125782700000000
0.0000000000000003330669073875469600000000
0.0000000000000001110223024625156500000000
0.0000000000000003330669073875469600000000
0.0000000000000001110223024625156500000000
0.0000000000000005551115123125782700000000
0.0000000000000003330669073875469600000000
0.0000000000000002220446049250313100000000
0.0000000000000002220446049250313100000000
0.0000000000000003330669073875469600000000
0.0000000000000004440892098500626200000000
0.0000000000000001110223024625156500000000
0.0000000000000003330669073875469600000000
0.0000000000000002220446049250313100000000
0.0000000000000000000000000000000000000000
0.0000000000000001110223024625156500000000
0.0000000000000003330669073875469600000000
0.0000000000000000000000000000000000000000
0.0000000000000004440892098500626200000000
0.0000000000000003330669073875469600000000
0.0000000000000003330669073875469600000000
0.0000000000000001665334536937734800000000
0.0000000000000001110223024625156500000000
0.0000000000000000555111512312578270000000
0.0000000000000006106226635438361000000000
0.0000000000000001665334536937734800000000
0.0000000000000001665334536937734800000000
0.0000000000000010547118733938987000000000
0.0000000000000004996003610813204400000000
0.0000000000000004996003610813204400000000
0.0000000000000001110223024625156500000000
0.0000000000000007216449660063517500000000
0.0000000000000006661338147750939200000000
0.0000000000000009436895709313830600000000
0.0000000000000012767564783189300000000000
0.0000000000000011102230246251565000000000
0.0000000000000002220446049250313100000000
0.0000000000000004163336342344337000000000
0.0000000000000001665334536937734800000000
0.0000000000000000277555756156289140000000
0.0000000000000007216449660063517500000000
0.0000000000000003608224830031758800000000
0.0000000000000001942890293094023900000000
0.0000000000000006106226635438361000000000
0.0000000000000009853229343548264300000000
0.0000000000000008326672684688674100000000
0.0000000000000010963452368173421000000000
0.0000000000000001526556658859590200000000
0.0000000000000009020562075079396900000000
0.0000000000000005134781488891349000000000
0.0000000000000000728583859910258980000000
0.0000000000000014358470156040864000000000
