0.6072529350089849200000000000000000000000
0.6072529350089849200000000000000000000000
0.4034803136820701600000000000000000000000
0.2331103774987587100000000000000000000000
0.1171981092915957700000000000000000000000
0.0549309626354116260000000000000000000000
0.0299303851226707110000000000000000000000
0.0145329915054711600000000000000000000000
0.0074111751334924869000000000000000000000
0.0036647103602417408000000000000000000000
0.0017893184847022625000000000000000000000
0.0009038568735137975100000000000000000000
0.0004449021765172700400000000000000000000
0.0002201234818881570000000000000000000000
0.0001077457660095260100000000000000000000
0.0000542001582528595090000000000000000000
0.0000298479546890634270000000000000000000
0.0000146471900887984450000000000000000000
0.0000071174250939054495000000000000000000
0.0000034327032106817867000000000000000000
0.0000018823905898746052000000000000000000
0.0000009379976186607574800000000000000000
0.0000004658010697711212300000000000000000
0.0000002297027794917472200000000000000000
0.0000001153188270153204800000000000000000
0.0000000594780914936476890000000000000000
0.0000000296803081764607240000000000000000
0.0000000147814165109283470000000000000000
0.0000000073319706764274351000000000000000
0.0000000036072477574422557000000000000000
0.0000000018531875062288705000000000000000
0.0000000009231412786969706000000000000000
0.0000000004581181614615736900000000000000
0.0000000002260512887986010400000000000000
0.0000000001140367106300388400000000000000
0.0000000000571212278865917970000000000000
0.0000000000280218313830626900000000000000
0.0000000000140719658148213970000000000000
0.0000000000069549921377642931000000000000
0.0000000000033965052992357414000000000000
0.0000000000016275314429492482000000000000
0.0000000000008276990204336698300000000000
0.0000000000004229394612309533800000000000
0.0000000000002169375790117555900000000000
0.0000000000001081357225984902500000000000
0.0000000000000519861931280729550000000000
0.0000000000000270894418008538200000000000
0.0000000000000142802436542410760000000000
0.0000000000000076050277186823223000000000
0.0000000000000041633363423443370000000000
0.0000000000000024424906541753444000000000
0.0000000000000016098233857064770000000000
0.0000000000000011657341758564144000000000
0.0000000000000012139108308963036000000000
0.0000000000000013249331333588193000000000
0.0000000000000013804442845900771000000000
0.0000000000000014081998602057060000000000
0.0000000000000014220776480135205000000000
0.0000000000000014290165419174277000000000
0.0000000000000014324859888693813000000000
0.0000000000000014342207123453581000000000
0.0000000000000014350880740833466000000000
0.0000000000000014355217549523408000000000
0.0000000000000014357385953868379000000000
