1.0000000000000000000000000000000000000000
0.6072529350088815600000000000000000000000
0.3910319029545928900000000000000000000000
0.2331103774988568500000000000000000000000
0.1171981092916987600000000000000000000000
0.0549309626355146130000000000000000000000
0.0299303851225684040000000000000000000000
0.0145329915053688530000000000000000000000
0.0074111751333931219000000000000000000000
0.0036647103601423758000000000000000000000
0.0017893184846028976000000000000000000000
0.0009038568736126628700000000000000000000
0.0004449021766123606400000000000000000000
0.0002201234819832476000000000000000000000
0.0001077457661046166100000000000000000000
0.0000542001583486717560000000000000000000
0.0000298479547919394680000000000000000000
0.0000146471901916744860000000000000000000
0.0000071174251937700106000000000000000000
0.0000034327033105463478000000000000000000
0.0000018823904875675534000000000000000000
0.0000009379975163537057600000000000000000
0.0000004658009674640695200000000000000000
0.0000002297026771846955000000000000000000
0.0000001153187239311126400000000000000000
0.0000000594779880833118390000000000000000
0.0000000296802047661248740000000000000000
0.0000000147813131005924970000000000000000
0.0000000073318672660915851000000000000000
0.0000000036071443471064057000000000000000
0.0000000018530844220210341000000000000000
0.0000000009230381944891341600000000000000
0.0000000004580150772537372500000000000000
0.0000000002261539983061666700000000000000
0.0000000001139341954115025100000000000000
0.0000000000570178175507418670000000000000
0.0000000000279184210472127600000000000000
0.0000000000139708800084292760000000000000
0.0000000000068539063313721726000000000000
0.0000000000033750433003909563000000000000
0.0000000000015585449597566026000000000000
0.0000000000008786166239005410700000000000
0.0000000000004376499163072367100000000000
0.0000000000002108313523763172300000000000
0.0000000000000974220704108574860000000000
0.0000000000000459077220682502230000000000
0.0000000000000225375273998906780000000000
0.0000000000000122695797518394560000000000
0.0000000000000066335825721353103000000000
0.0000000000000031363800445660672000000000
0.0000000000000018873791418627661000000000
0.0000000000000013322676295501878000000000
0.0000000000000011102230246251565000000000
0.0000000000000011102230246251565000000000
0.0000000000000011102230246251565000000000
0.0000000000000011102230246251565000000000
0.0000000000000011102230246251565000000000
0.0000000000000011102230246251565000000000
0.0000000000000011102230246251565000000000
0.0000000000000011102230246251565000000000
0.0000000000000011102230246251565000000000
0.0000000000000011102230246251565000000000
0.0000000000000011102230246251565000000000
0.0000000000000011102230246251565000000000
